      0/99     1.01G      2.27      4.12      20.4      26.8        77       416         0         0         0         0         0     0.731         0
      1/99     2.82G       2.2      3.89      17.3      23.4        58       416       nan       nan       nan       nan         0      0.78         0
      2/99     2.82G       2.2      3.71      17.3      23.2        87       416       nan       nan       nan       nan         0      0.94         0
      3/99     2.82G      2.17      3.55        17      22.7        69       416       nan       nan       nan       nan         0      0.92         0
      4/99     2.82G      2.16      3.42      16.9      22.4        97       416       nan       nan       nan       nan         0      1.04         0
      5/99     2.82G      2.11      3.18      16.4      21.7       128       416       nan       nan       nan       nan         0      1.41         0
      6/99     2.82G      2.08      2.98      16.1      21.1       112       416       nan       nan       nan       nan         0      1.23         0
      7/99     2.82G      2.02      2.91      15.8      20.7       158       416       nan       nan       nan       nan         0      1.33         0
      8/99     2.82G      2.02      2.84      15.7      20.5       110       416       nan       nan       nan       nan         0      1.29         0
      9/99     2.82G      1.98      2.78      15.3      20.1        85       416       nan       nan       nan       nan         0      1.35         0
     10/99     2.82G      1.96      2.72      15.3        20       115       416       nan       nan       nan       nan         0      1.03         0
     11/99     2.82G      1.97       2.7      15.1      19.8        79       416       nan       nan       nan       nan         0      1.94         0
     12/99     2.82G      1.95      2.63      14.9      19.5       149       416       nan       nan       nan       nan         0       1.1         0
     13/99     2.82G      1.94      2.61      14.8      19.3       136       416       nan       nan       nan       nan         0      1.22         0
     14/99     2.82G      1.93      2.56      14.6      19.1        83       416       nan       nan       nan       nan         0      1.67         0
     15/99     2.82G      1.91      2.52      14.4      18.8        99       416       nan       nan       nan       nan         0      1.48         0
     16/99     2.82G      1.94      2.54      14.5        19        72       416       nan       nan       nan       nan         0      1.49         0
     17/99     2.82G      1.92      2.53      14.5      18.9        77       416       nan       nan       nan       nan         0       1.4         0
     18/99     2.82G      1.93      2.58      14.5        19       175       416       nan       nan       nan       nan         0      1.21         0
     19/99     2.82G      1.92       2.5      14.3      18.8       131       416       nan       nan       nan       nan         0      1.64         0
     20/99     2.82G       1.9      2.47      14.1      18.5        80       416       nan       nan       nan       nan         0      2.36         0
     21/99     2.82G       1.9      2.47        14      18.3        72       416       nan       nan       nan       nan         0      1.23         0
     22/99     2.82G       1.9      2.48      14.3      18.7        90       416       nan       nan       nan       nan         0      1.47         0
     23/99     2.82G      1.88      2.43      13.9      18.2       200       416       nan       nan       nan       nan         0      1.31         0
     24/99     2.82G      1.88      2.37      13.8        18        77       416       nan       nan       nan       nan         0      1.79         0
     25/99     2.82G      1.86      2.34      13.5      17.7       213       416       nan       nan       nan       nan         0      1.07         0
     26/99     2.82G      1.85      2.33      13.5      17.7       164       416       nan       nan       nan       nan         0      1.49         0
     27/99     2.82G      1.85       2.3      13.4      17.5       151       416       nan       nan       nan       nan         0      1.78         0
     28/99     2.82G      1.83      2.27      13.2      17.3       196       416       nan       nan       nan       nan         0      1.24         0
     29/99     2.82G      1.83      2.24      13.1      17.1       152       416       nan       nan       nan       nan         0      1.25         0
     30/99     2.82G      1.81      2.23      12.9        17        81       416       nan       nan       nan       nan         0      1.44         0
     31/99     2.82G       1.8      2.19      12.8      16.8        87       416       nan       nan       nan       nan         0      1.52         0
     32/99     2.82G      1.81      2.19      12.9        17       134       416       nan       nan       nan       nan         0      1.53         0
     33/99     2.82G      1.79      2.15      12.6      16.5       155       416       nan       nan       nan       nan         0      1.59         0
     34/99     2.82G      1.77      2.11      12.4      16.2        86       416       nan       nan       nan       nan         0       1.4         0
     35/99     2.82G      1.78       2.1      12.5      16.4        45       416       nan       nan       nan       nan         0      1.44         0
     36/99     2.82G      1.76      2.07      12.3      16.1        80       416       nan       nan       nan       nan         0      1.74         0
     37/99     2.82G      1.73      2.01      11.9      15.6       237       416       nan       nan       nan       nan         0      1.42         0
     38/99     2.82G      1.74      2.01        12      15.8        88       416       nan       nan       nan       nan         0      1.38         0
     39/99     2.82G      1.73      1.99      11.9      15.6       178       416       nan       nan       nan       nan         0      1.56         0
     40/99     2.82G      1.71      1.97      11.6      15.3        27       416       nan       nan       nan       nan         0       1.6         0
     41/99     2.82G      1.71      1.97      11.5      15.2        29       416       nan       nan       nan       nan         0      1.64         0
     42/99     2.82G       1.7      1.94      11.4      15.1       142       416       nan       nan       nan       nan         0      1.44         0
     43/99     2.82G      1.69      1.91      11.1      14.7       113       416       nan       nan       nan       nan         0      1.47         0
     44/99     2.82G      1.68       1.9      11.1      14.7       111       416       nan       nan       nan       nan         0      1.42         0
     45/99     2.82G      1.69      1.91      11.2      14.8        82       416       nan       nan       nan       nan         0      1.29         0
     46/99     2.82G      1.69       1.9      11.1      14.7        89       416       nan       nan       nan       nan         0      1.37         0
     47/99     2.82G      1.68      1.88      10.8      14.4       192       416       nan       nan       nan       nan         0      1.57         0
     48/99     2.82G      1.67      1.87      10.9      14.4        44       416       nan       nan       nan       nan         0      1.39         0
     49/99     2.82G      1.66      1.85      10.7      14.2       208       416       nan       nan       nan       nan         0      1.29         0
     50/99     2.82G      1.66      1.85      10.6      14.1       144       416       nan       nan       nan       nan         0      1.41         0
     51/99     2.82G      1.62       1.8      10.3      13.8        88       416       nan       nan       nan       nan         0      1.52         0
     52/99     2.82G      1.65      1.82      10.4      13.8       106       416       nan       nan       nan       nan         0      1.33         0
     53/99     2.82G      1.63      1.79      10.2      13.6       114       416       nan       nan       nan       nan         0       1.3         0
     54/99     2.82G      1.64      1.81      10.5      13.9       106       416       nan       nan       nan       nan         0      1.52         0
     55/99     2.82G      1.63      1.78      10.2      13.6       124       416       nan       nan       nan       nan         0      1.42         0
     56/99     2.82G      1.62      1.78        10      13.4       121       416       nan       nan       nan       nan         0      1.37         0
     57/99     2.82G      1.62      1.76        10      13.4       177       416       nan       nan       nan       nan         0      1.29         0
     58/99     2.82G      1.63      1.76        10      13.4        55       416       nan       nan       nan       nan         0      1.34         0
     59/99     2.82G      1.62      1.77       9.9      13.3       107       416       nan       nan       nan       nan         0       1.6         0
     60/99     2.82G      1.61      1.75      9.86      13.2       118       416       nan       nan       nan       nan         0      1.67         0
     61/99     2.82G      1.62      1.75      9.94      13.3        94       416       nan       nan       nan       nan         0      1.68         0
     62/99     2.82G       1.6      1.74      9.64        13        89       416       nan       nan       nan       nan         0      1.24         0
     63/99     2.82G      1.61      1.73      9.66        13       112       416       nan       nan       nan       nan         0      1.46         0
     64/99     2.82G      1.59      1.74      9.55      12.9       142       416       nan       nan       nan       nan         0      1.45         0
     65/99     2.82G       1.6      1.73      9.55      12.9        67       416       nan       nan       nan       nan         0      1.45         0
     66/99     2.82G       1.6      1.73      9.46      12.8       118       416       nan       nan       nan       nan         0      1.39         0
     67/99     2.82G       1.6      1.72      9.61      12.9       104       416       nan       nan       nan       nan         0      1.53         0
     68/99     2.82G      1.58      1.71      9.45      12.7       103       416       nan       nan       nan       nan         0      1.69         0
     69/99     2.82G      1.59      1.69      9.36      12.6       132       416       nan       nan       nan       nan         0       1.5         0
     70/99     2.82G      1.59       1.7       9.3      12.6        82       416       nan       nan       nan       nan         0      1.66         0
     71/99     2.82G      1.58      1.68      9.14      12.4        75       416       nan       nan       nan       nan         0      1.71         0
     72/99     2.82G      1.56      1.68      9.14      12.4       151       416       nan       nan       nan       nan         0      1.55         0
     73/99     2.82G      1.55      1.67      9.07      12.3       130       416       nan       nan       nan       nan         0      1.57         0
     74/99     2.82G      1.56      1.67      9.16      12.4       115       416       nan       nan       nan       nan         0      1.28         0
     75/99     2.82G      1.56      1.65       9.1      12.3        84       416       nan       nan       nan       nan         0      1.38         0
     76/99     2.82G      1.55      1.66      8.97      12.2       172       416       nan       nan       nan       nan         0       1.5         0
     77/99     2.82G      1.57      1.66      8.98      12.2        88       416     0.115     0.134    0.0682     0.115      1.56      3.09      10.2
     78/99     2.82G      1.57      1.66      8.96      12.2        80       416     0.115     0.133    0.0685     0.109      1.57      3.14      10.2
     79/99     2.82G      1.54      1.65      8.63      11.8       135       416      0.11     0.136    0.0719     0.114      1.57      3.14      10.3
     80/99     2.82G      1.57      1.65      8.81        12       141       416    0.0974     0.138    0.0678     0.107      1.53      3.03      9.42
     81/99     2.82G      1.46      1.53      7.52      10.5       146       416     0.123     0.148    0.0819     0.126      1.47      2.89      9.06
     82/99     2.82G      1.45       1.5         7      9.95       107       416     0.128     0.152    0.0821      0.13      1.45      2.87      8.95
     83/99     2.82G      1.43      1.47      6.84      9.75        67       416     0.128     0.151    0.0846     0.132      1.45      2.87      9.12
     84/99     2.82G      1.43      1.48      6.89       9.8        71       416     0.122     0.147    0.0818     0.126      1.45      2.88      9.19
     85/99     2.82G      1.42      1.46      6.65      9.53       131       416     0.124     0.153    0.0838      0.13      1.44      2.86      9.11
     86/99     2.82G      1.43      1.45      6.62      9.51       146       416      0.13     0.149    0.0839      0.13      1.44      2.86      9.11
     87/99     2.82G      1.41      1.45      6.55      9.41       112       416     0.128     0.152    0.0842     0.131      1.43      2.85         9
     88/99     2.82G      1.42      1.44       6.3      9.17       150       416     0.124     0.159     0.084      0.13      1.45      2.84      9.18
     89/99     2.82G      1.41      1.44      6.43      9.28       104       416     0.123     0.165    0.0873     0.132      1.45      2.83      9.09
     90/99     2.82G      1.41      1.44       6.3      9.16       115       416     0.126      0.16    0.0854     0.134      1.44      2.84      9.03
     91/99     2.82G      1.41      1.43      6.15      8.98       105       416     0.126     0.158    0.0864     0.133      1.42      2.83         9
     92/99     2.82G      1.39      1.42      6.02      8.83        92       416     0.131      0.16    0.0875     0.137      1.42      2.84      9.01
     93/99     2.82G      1.41      1.42      6.04      8.87       147       416     0.124     0.158    0.0865     0.133      1.42      2.82      8.99
     94/99     2.82G      1.39      1.42      6.11      8.92        98       416     0.127     0.158    0.0869     0.134      1.42      2.83      8.98
     95/99     2.82G       1.4      1.42      6.02      8.84       134       416     0.128     0.159    0.0867     0.134      1.42      2.83      9.01
     96/99     2.82G      1.39      1.41      5.94      8.75        97       416     0.128     0.157    0.0865     0.134      1.42      2.82      9.12
     97/99     2.82G      1.39      1.42      5.91      8.72       140       416     0.126      0.16    0.0869     0.134      1.42      2.82         9
     98/99     2.82G       1.4      1.41      5.93      8.74        53       416     0.127     0.159    0.0871     0.134      1.42      2.82      8.91
     99/99     2.82G      1.38      1.41      5.87      8.66        61       416    0.0476     0.198    0.0893    0.0662      1.42      2.82      8.99
