  100/1999    0.797G      1.55      1.28      3.82      6.65       216       416     0.115      0.16    0.0842     0.128      1.64      2.86      13.1
  101/1999     3.16G      1.59      1.33      4.56      7.48       322       416     0.105     0.161    0.0843      0.12      1.58      2.82      11.6
  102/1999     3.24G       1.6      1.34      4.74      7.68       304       416     0.119     0.156    0.0827      0.13      1.59      2.79      11.3
  103/1999     3.09G      1.58      1.33      4.47      7.39       234       416     0.116     0.172    0.0886     0.132       1.6       2.8      12.9
  104/1999     3.24G      1.57      1.34      4.71      7.61       188       416     0.121     0.167    0.0854     0.133      1.57      2.86        13
  105/1999     3.24G      1.58      1.36      4.77      7.71       244       416     0.115     0.155    0.0804     0.126      1.57      2.82      11.3
  106/1999     3.24G      1.59      1.36      4.92      7.87       304       416     0.113     0.166    0.0864      0.13      1.57      2.82      11.7
  107/1999     3.24G       1.6      1.34      4.66       7.6       217       416     0.114     0.164    0.0828     0.129      1.58      2.73        12
  108/1999     3.24G      1.58      1.31      4.04      6.93       266       416     0.112     0.173    0.0866     0.131      1.56      2.76      11.5
  109/1999     3.24G      1.58      1.33      4.31      7.22       222       416     0.107     0.164    0.0833     0.127      1.57      2.79      11.5
  110/1999     3.24G      1.58      1.33      4.28      7.19       140       416     0.114     0.168    0.0863     0.126      1.61      2.77        12
  111/1999     3.24G      1.61      1.35      4.86      7.83       202       416       0.1     0.167    0.0851     0.119       1.6      2.78      11.6
  112/1999     3.24G      1.58      1.31      4.02      6.91       302       416     0.118      0.17    0.0881     0.132      1.56      2.79      11.5
  113/1999     3.24G      1.58      1.29       3.9      6.77       292       416     0.117     0.157    0.0822     0.129      1.54      2.82        12
  114/1999     3.24G      1.59      1.32      4.36      7.26       269       416     0.109     0.168    0.0874     0.126      1.65      2.82      13.3
  115/1999     3.24G      1.59      1.32      4.44      7.34       357       416     0.121     0.164    0.0857     0.133      1.64      2.83      12.7
  116/1999     3.24G      1.59      1.35      4.59      7.54       246       416     0.127     0.165    0.0874     0.138      1.65      2.82        12
  117/1999     3.24G      1.58      1.33      4.41      7.32       282       416      0.11     0.168    0.0879     0.124      1.66      2.84        12
  118/1999     3.24G      1.56      1.32      4.44      7.32       211       416     0.113     0.156    0.0851     0.127       1.6      2.83      12.3
  119/1999     3.24G      1.59      1.33       4.3      7.22       213       416     0.114     0.165    0.0858      0.13      1.58      2.85      12.2
  120/1999     3.24G      1.59      1.33      4.32      7.24       265       416     0.117     0.166    0.0848      0.13      1.59      2.84      12.7
  121/1999     3.24G      1.59      1.33      4.46      7.38       347       416     0.108     0.157     0.082     0.123      1.62      2.84      12.9
  122/1999     3.24G      1.57      1.32      4.16      7.05       195       416     0.107     0.167    0.0842     0.124      1.55      2.78      12.9
  123/1999     3.24G      1.57      1.32      4.22      7.11       250       416     0.105     0.164     0.078     0.121      1.58      2.83      14.3
  124/1999     3.24G      1.57      1.34      4.59       7.5       222       416     0.116     0.175    0.0896     0.133      1.56      2.84        12
  125/1999     3.24G      1.57      1.35      4.58       7.5       285       416     0.114     0.175    0.0889     0.131      1.55      2.78      12.1
  126/1999     3.24G      1.59      1.35      4.73      7.68       186       416     0.102     0.184    0.0897     0.124       1.6      2.77      12.1
  127/1999     3.24G      1.59      1.34      4.47       7.4       276       416     0.121     0.166     0.084     0.133      1.62      2.81      12.2
  128/1999     3.24G      1.59      1.35      4.59      7.54       171       416     0.107     0.167    0.0817     0.124       1.6      2.82        12
  129/1999     3.24G      1.55       1.3      4.07      6.92       120       416     0.114     0.173     0.089     0.132      1.59      2.78      11.5
  130/1999     3.24G      1.59      1.32      4.26      7.17       192       416     0.115     0.169    0.0873      0.13       1.6      2.78      12.4
  131/1999     3.24G       1.6      1.34      4.52      7.45       196       416     0.108     0.173    0.0854     0.127      1.58       2.8      12.6
  132/1999     3.24G      1.58      1.33      4.67      7.58       296       416     0.111     0.164    0.0842     0.126      1.62      2.83      12.1
  133/1999     3.24G      1.57      1.34      4.51      7.42       318       416     0.115     0.178    0.0894     0.131      1.56      2.79      12.3
  134/1999     3.24G      1.58      1.32      4.36      7.25       275       416     0.114     0.158    0.0806     0.128      1.57      2.88      13.1
  135/1999     3.24G      1.58      1.34      4.55      7.46       236       416     0.109      0.17    0.0853     0.124      1.58      2.75      11.5
  136/1999     3.24G      1.56      1.31      4.23       7.1       204       416     0.104      0.17    0.0815     0.122      1.59      2.85      13.2
  137/1999     3.24G      1.58      1.32      4.43      7.34       188       416     0.114     0.166    0.0868     0.129      1.59      2.75      12.1
  138/1999     3.24G      1.56      1.29      3.84      6.69       298       416      0.11     0.164    0.0855     0.124       1.6      2.79      11.8
  139/1999     3.24G      1.59      1.33      4.45      7.37       192       416     0.109     0.161    0.0827     0.123       1.6      2.83      12.5
  140/1999     3.24G      1.58      1.33      4.12      7.03       284       416      0.11     0.167    0.0872     0.129      1.57      2.77      12.4
  141/1999     3.24G      1.58      1.29      3.98      6.85       166       416     0.118     0.166    0.0874     0.133      1.58      2.78      12.5
  142/1999     3.24G      1.57       1.3      4.31      7.19       324       416     0.115     0.175    0.0893     0.132      1.61      2.72      11.6
  143/1999     3.24G      1.56      1.27       3.7      6.53       238       416     0.118     0.154    0.0822     0.127      1.57      2.82      12.8
  144/1999     3.24G      1.58      1.32       4.2       7.1       206       416     0.121     0.159    0.0835      0.13      1.58      2.81      11.5
  145/1999     3.24G      1.57      1.34      4.39       7.3       297       416     0.109     0.172    0.0848     0.128      1.57      2.79      11.8
  146/1999     3.24G       1.6      1.31      3.93      6.83       221       416     0.112      0.17    0.0879     0.129      1.59      2.75      11.9
  147/1999     3.24G      1.56      1.31      4.03       6.9       204       416     0.114     0.164    0.0853     0.128      1.55      2.79      12.3
  148/1999     3.24G      1.58      1.32      4.22      7.12       204       416      0.12     0.167    0.0853      0.13      1.55      2.86      12.3
  149/1999     3.24G      1.59      1.33      4.52      7.44       318       416     0.113     0.165    0.0816     0.127       1.6      2.79      12.4
  150/1999     3.24G      1.58      1.32      4.32      7.22       258       416      0.12     0.164    0.0854     0.132      1.58       2.8      12.1
  151/1999     3.24G      1.57      1.29      3.96      6.83       200       416     0.104     0.172    0.0886     0.123      1.54      2.83      12.5
  152/1999     3.24G      1.56      1.31      4.15      7.02       272       416      0.12     0.168    0.0847     0.134      1.56       2.8      12.2
  153/1999     3.24G      1.59       1.3      4.08      6.96       236       416     0.113     0.167    0.0837     0.127      1.62      2.86      12.4
  154/1999     3.24G      1.58       1.3      4.03      6.91       213       416     0.123     0.159    0.0844     0.132      1.57      2.74      12.8
  155/1999     3.24G      1.55      1.32      4.19      7.06       254       416     0.109     0.165    0.0862     0.127      1.54      2.81      12.5
  156/1999     3.24G      1.56       1.3      3.96      6.82       330       416     0.118     0.178    0.0925     0.136      1.57      2.77      12.6
  157/1999     3.24G      1.56      1.29      3.68      6.53       191       416     0.113     0.169    0.0851     0.129      1.57      2.77      12.1
  158/1999     3.24G      1.59      1.32      4.18      7.09       215       416     0.114     0.167    0.0846     0.127       1.6       2.8      12.8
  159/1999     3.24G      1.59      1.33      4.59      7.52       260       416      0.12     0.169    0.0853      0.13      1.59       2.8      12.2
  160/1999     3.24G      1.59       1.3      3.91       6.8       323       416     0.116      0.17    0.0853      0.13       1.6      2.72      12.3
  161/1999     3.24G      1.59      1.31      4.15      7.05       166       416     0.105     0.151    0.0808     0.115      1.62      2.82      12.6
  162/1999     3.24G      1.58      1.33      4.37      7.28       153       416     0.119     0.159    0.0807     0.126      1.62      2.81      12.1
  163/1999     3.24G      1.58      1.32      4.22      7.12       319       416     0.114      0.17    0.0873      0.13      1.59       2.8      11.1
  164/1999     3.24G      1.59      1.36      4.87      7.82       256       416      0.12     0.168    0.0882     0.128      1.59       2.8      12.6
  165/1999     3.24G      1.58       1.3      4.06      6.95       212       416     0.117     0.172    0.0887     0.133      1.53      2.78      12.4
  166/1999     3.24G      1.57      1.27       3.8      6.64       215       416     0.104     0.165    0.0852     0.118      1.58      2.76      13.4
  167/1999     3.24G      1.56      1.33      4.29      7.18       346       416     0.111     0.165    0.0863     0.124      1.56      2.81      13.4
  168/1999     3.24G      1.57      1.32      4.43      7.31       265       416     0.113     0.175    0.0899     0.131      1.53      2.81      11.7
  169/1999     3.24G      1.57      1.32      4.29      7.17       355       416     0.121     0.173    0.0879     0.136       1.6      2.83      11.9
  170/1999     3.24G      1.56       1.3       4.1      6.96       213       416     0.112     0.168    0.0869     0.127      1.55      2.76      12.2
  171/1999     3.24G      1.56      1.29      3.89      6.74       238       416     0.106     0.174    0.0883     0.123      1.54      2.81      12.7
  172/1999     3.24G      1.55      1.28      4.03      6.86       264       416     0.109     0.165    0.0846     0.119      1.58      2.89      13.5
  173/1999     3.24G      1.58       1.3      4.11      6.99       166       416     0.121     0.172    0.0882     0.133      1.56      2.75        13
  174/1999     3.24G      1.55      1.28      3.73      6.56       182       416     0.105     0.178    0.0891     0.126      1.55      2.79      11.8
  175/1999     3.24G      1.57       1.3      4.05      6.91       202       416     0.119     0.168     0.089     0.129      1.58      2.73      13.3
  176/1999     3.24G      1.58      1.31      4.23      7.11       274       416    0.0986     0.165    0.0818     0.119      1.59      2.85      13.3
  177/1999     3.24G      1.55      1.31      4.14      7.01       245       416     0.114     0.169    0.0881     0.129      1.59      2.77      13.1
  178/1999     3.24G      1.56      1.29      4.17      7.02       243       416     0.116     0.171    0.0873     0.131      1.57      2.78      12.8
  179/1999     3.24G      1.57      1.31      4.13      7.01       421       416     0.114     0.166    0.0847     0.127      1.58      2.76      13.1
  180/1999     3.24G      1.58       1.3      4.05      6.93       221       416     0.112     0.169    0.0866     0.126      1.61       2.8      11.7
  181/1999     3.24G      1.56      1.27      3.82      6.65       331       416     0.109     0.169    0.0865     0.127      1.55      2.74      12.1
  182/1999     3.24G      1.55      1.28      3.75      6.57       174       416     0.104     0.165    0.0881     0.122      1.49      2.75      12.7
  183/1999     3.24G      1.56      1.32      4.48      7.36       200       416     0.105     0.173    0.0894     0.124      1.57       2.8      13.4
  184/1999     3.24G      1.57      1.32      4.44      7.33       255       416     0.114     0.159     0.082     0.121      1.59      2.81      11.9
  185/1999     3.24G      1.58       1.3       4.1      6.97       306       416     0.117     0.169    0.0895     0.134      1.57      2.77      12.5
  186/1999     3.24G      1.56       1.3      4.23       7.1       180       416     0.109     0.175    0.0891     0.127      1.56      2.81      12.2
  187/1999     3.24G      1.58      1.32      4.27      7.18       277       416     0.123      0.17      0.09     0.138      1.56      2.76      11.4
  188/1999     3.24G      1.55      1.32      4.58      7.45       324       416      0.11     0.175     0.086     0.127      1.59      2.81      11.9
  189/1999     3.24G      1.56      1.28      3.84      6.68       191       416     0.109     0.169     0.088     0.124      1.54      2.76      13.1
  190/1999     3.24G      1.55      1.29      4.12      6.96       306       416     0.115     0.167    0.0892     0.128      1.54      2.77      11.8
  191/1999     3.24G      1.55       1.3      4.17      7.02       151       416     0.108     0.156    0.0822     0.121      1.56      2.83      12.8
  192/1999     3.24G      1.56       1.3      4.08      6.94       296       416      0.12     0.176    0.0903     0.138      1.62      2.77        11
  193/1999     3.24G      1.55      1.28       4.1      6.93       194       416    0.0992      0.18    0.0885     0.123      1.54      2.74      12.4
  194/1999     3.24G      1.55      1.28      3.96      6.79       336       416     0.116     0.172    0.0914     0.128      1.55      2.78      12.5
  195/1999     3.24G      1.55      1.27      3.88       6.7       369       416     0.127     0.167    0.0889     0.137       1.6       2.8      11.2
  196/1999     3.24G      1.57      1.27      3.81      6.65       188       416     0.124     0.163    0.0868     0.133      1.59      2.76      12.4
  197/1999     3.24G      1.55      1.29      3.75      6.59       338       416      0.11     0.182    0.0914     0.132      1.55      2.77      12.9
  198/1999     3.24G      1.55      1.31      4.19      7.04       212       416     0.101     0.167    0.0832     0.118      1.56      2.79      12.1
  199/1999     3.24G      1.56       1.3      4.03      6.88       279       416     0.111     0.166    0.0852     0.128      1.59      2.75      12.6
  200/1999     3.24G      1.56      1.29      4.38      7.23       205       416     0.116     0.169    0.0859     0.131       1.6      2.81        13
  201/1999     3.24G      1.59       1.3      4.02      6.91       325       416     0.117     0.169    0.0893     0.129      1.57      2.77      12.3
  202/1999     3.24G      1.57      1.29      3.91      6.77       184       416     0.111     0.163    0.0826     0.127      1.59      2.77      12.2
  203/1999     3.24G      1.57      1.31      4.39      7.28       309       416     0.107     0.173    0.0861     0.124      1.55      2.89        13
  204/1999     3.24G      1.55      1.32      4.48      7.35       298       416      0.12      0.17    0.0898     0.133      1.55      2.74      12.2
  205/1999     3.24G      1.55      1.27      3.87       6.7       383       416     0.119     0.171    0.0892     0.132      1.55      2.74      12.2
  206/1999     3.24G      1.54      1.28      3.75      6.57       229       416     0.107     0.172    0.0849     0.127      1.59      2.77        12
  207/1999     3.24G      1.59       1.3      3.94      6.83       236       416      0.11     0.174    0.0876     0.126      1.53      2.84      12.7
  208/1999     3.24G      1.58      1.31      4.15      7.04       380       416     0.125     0.175    0.0926     0.138      1.54      2.86      11.9
  209/1999     3.24G      1.56      1.29       3.8      6.65       309       416     0.114      0.18    0.0895     0.131      1.53      2.75      12.2
  210/1999     3.24G      1.54      1.29      3.94      6.77       299       416     0.111     0.182    0.0902      0.13      1.59      2.76        12
  211/1999     3.24G      1.55      1.29         4      6.84       274       416     0.105     0.185    0.0889     0.126      1.57      2.75      12.9
  212/1999     3.24G      1.57      1.31      4.09      6.96       415       416     0.103     0.164    0.0823     0.119      1.57      2.82        12
  213/1999     3.24G      1.56      1.32       4.3      7.18       267       416     0.125     0.175    0.0904     0.138      1.56      2.77      11.2
  214/1999     3.24G      1.54      1.28      3.74      6.57       205       416     0.118     0.162    0.0837     0.128      1.61      2.85      11.9
  215/1999     3.24G      1.55      1.32      4.46      7.33       330       416     0.124     0.163    0.0819     0.129      1.59       2.9      13.8
  216/1999     3.24G      1.55       1.3       4.1      6.96       302       416     0.117     0.179    0.0906     0.135      1.58      2.72      12.3
  217/1999     3.24G      1.56       1.3      4.22      7.08       264       416     0.125      0.17     0.091     0.138      1.58      2.81      11.5
  218/1999     3.24G      1.55      1.29      3.95       6.8       200       416     0.113      0.16    0.0823     0.124       1.6      2.82      12.7
  219/1999     3.24G      1.55       1.3      4.07      6.92       163       416     0.118     0.163    0.0866      0.13      1.54      2.72      12.4
  220/1999     3.24G      1.56      1.26       3.6      6.43       171       416     0.112     0.174    0.0888     0.128      1.56      2.73      12.5
  221/1999     3.24G      1.56      1.27      3.75      6.58       197       416     0.104     0.154    0.0747     0.119      1.57      2.92        15
  222/1999     3.24G      1.58      1.35      4.83      7.76       166       416      0.12      0.17    0.0891     0.132      1.56      2.77      12.2
  223/1999     3.24G      1.54      1.27      3.66      6.47       370       416     0.113     0.175    0.0897     0.133       1.6       2.8        12
  224/1999     3.24G      1.55      1.26      3.54      6.35       158       416     0.123     0.158     0.083     0.132      1.56      2.76      13.4
  225/1999     3.24G      1.54      1.28      3.95      6.78       235       416     0.128     0.176    0.0941      0.14      1.52      2.74      11.5
  226/1999     3.24G      1.55      1.27      3.79      6.61       214       416     0.112     0.166    0.0825     0.129      1.52      2.76      12.5
  227/1999     3.24G      1.55      1.29      3.98      6.82       209       416     0.117     0.176    0.0941     0.134      1.55      2.74      11.8
  228/1999     3.24G      1.56      1.25      3.44      6.25       335       416    0.0971     0.176    0.0855     0.119      1.61      2.68      13.2
  229/1999     3.24G      1.53      1.26      3.65      6.44       228       416     0.109     0.166    0.0872     0.127      1.55      2.78      11.6
  230/1999     3.24G      1.55      1.28      3.85      6.68       265       416       0.1     0.173    0.0901      0.12      1.54      2.72        12
  231/1999     3.24G      1.55      1.28      3.82      6.64       196       416     0.108      0.17    0.0822     0.124      1.56      2.76      12.1
  232/1999     3.24G      1.55      1.32      4.25      7.12       220       416     0.111     0.167    0.0864     0.125      1.58      2.81      13.2
  233/1999     3.24G      1.57      1.33      4.59      7.48       324       416     0.122     0.156    0.0808     0.133      1.56      2.81        12
  234/1999     3.24G      1.55      1.29      3.81      6.65       197       416     0.115     0.176    0.0905     0.131      1.59      2.74      12.7
  235/1999     3.24G      1.55      1.27      3.67      6.48       282       416     0.113     0.178    0.0912     0.131      1.58      2.79      14.1
  236/1999     3.24G      1.55      1.27      3.93      6.75       206       416     0.107     0.168    0.0886     0.127      1.55      2.72      11.8
  237/1999     3.24G      1.56      1.29      4.31      7.16       218       416     0.112     0.168     0.085     0.129      1.59      2.74      12.2
  238/1999     3.24G      1.55      1.29       4.1      6.93       281       416     0.116     0.175    0.0913     0.133      1.55      2.75      12.3
  239/1999     3.24G      1.54       1.3      4.25      7.09       340       416      0.12     0.166    0.0878     0.135      1.58      2.75      11.8
  240/1999     3.24G      1.54      1.28      3.83      6.66       291       416    0.0977     0.182     0.087     0.117      1.55      2.76      12.3
  241/1999     3.24G      1.54      1.32      4.39      7.26       240       416     0.117     0.176    0.0912     0.134      1.51      2.73        12
  242/1999     3.24G      1.54      1.27      3.65      6.46       222       416     0.114     0.174    0.0895      0.13      1.57      2.75      12.1
  243/1999     3.24G      1.54      1.27      3.67      6.48       178       416     0.117     0.182    0.0965     0.136      1.56      2.72      12.4
  244/1999     3.24G      1.55      1.23       3.3      6.09       141       416     0.125     0.171    0.0895     0.137      1.55      2.76      12.5
  245/1999     3.24G      1.53      1.25      3.56      6.33       318       416     0.108     0.162     0.087     0.122      1.52      2.72        12
  246/1999     3.24G      1.54      1.27      3.78      6.59       219       416     0.122     0.173    0.0902     0.137      1.57      2.74      11.6
  247/1999     3.24G      1.57      1.29      4.15      7.01       136       416     0.106      0.17     0.083     0.125      1.68      2.75      11.7
  248/1999     3.24G      1.54      1.27       3.9      6.72       215       416     0.114     0.179    0.0917     0.132      1.54      2.68      12.9
  249/1999     3.24G      1.56      1.29      4.07      6.92       295       416     0.114     0.172    0.0862     0.127      1.51      2.76      12.7
  250/1999     3.24G      1.54      1.26      3.63      6.43       207       416     0.105     0.183    0.0932     0.124      1.61      2.72      12.3
  251/1999     3.24G      1.55      1.26      3.72      6.52       396       416     0.113     0.175    0.0888     0.129      1.52      2.74      12.4
  252/1999     3.24G      1.55       1.3      4.31      7.17       414       416     0.109     0.178    0.0903     0.125      1.52      2.78      12.3
  253/1999     3.24G      1.54      1.27      3.83      6.64       260       416     0.117     0.159    0.0866     0.128      1.54      2.79      12.8
  254/1999     3.24G      1.56       1.3       4.2      7.06       292       416     0.107     0.168    0.0851     0.126      1.56      2.76      12.1
  255/1999     3.24G      1.53      1.28      3.87      6.67       272       416     0.117     0.172    0.0886      0.13      1.62      2.77      12.3
  256/1999     3.24G      1.57      1.31      4.32       7.2       226       416      0.13     0.172    0.0894     0.145      1.55      2.84      11.9
  257/1999     3.24G      1.56      1.33      4.44      7.33       212       416     0.106     0.168    0.0883     0.126      1.56       2.8      13.4
  258/1999     3.24G      1.56      1.29      4.09      6.95       269       416     0.111     0.181    0.0924      0.13      1.55      2.72      12.1
  259/1999     3.24G      1.53      1.27      3.67      6.47       192       416     0.121     0.165    0.0883     0.135      1.54      2.74      12.3
  260/1999     3.24G      1.59      1.31      3.94      6.84       282       416     0.107     0.178    0.0911     0.127      1.57      2.72      11.6
  261/1999     3.24G      1.54      1.26      3.75      6.56       248       416      0.11     0.177     0.089     0.131       1.6      2.71      12.6
  262/1999     3.24G      1.54      1.25      3.48      6.27       241       416     0.122     0.171    0.0906     0.135      1.52      2.77      12.6
  263/1999     3.24G      1.55      1.24      3.56      6.36       214       416     0.106     0.174    0.0876     0.121      1.53      2.79      12.4
  264/1999     3.24G      1.54      1.26      3.68      6.48       198       416     0.128     0.165    0.0905     0.138      1.52      2.83      12.7
  265/1999     3.24G      1.56      1.29      4.05      6.89       236       416      0.12     0.161    0.0851     0.131      1.59      2.78      12.5
  266/1999     3.24G      1.56      1.29      4.12      6.98       195       416     0.115     0.176     0.091     0.134      1.55      2.81      11.8
  267/1999     3.24G      1.55       1.3      4.11      6.95       252       416     0.111     0.174      0.09     0.131      1.51      2.73      12.2
  268/1999     3.24G      1.55      1.24      3.27      6.07       346       416     0.122     0.172    0.0885     0.131      1.54      2.75      12.3
  269/1999     3.24G      1.55      1.24      3.28      6.08       193       416     0.115     0.179    0.0922     0.131      1.59      2.68      11.9
  270/1999     3.24G      1.56      1.28      3.86       6.7       185       416     0.113     0.171    0.0865     0.128      1.55      2.72      12.2
  271/1999     3.24G      1.54      1.25       3.6      6.38       273       416     0.113     0.183     0.093     0.133      1.56       2.7      12.5
  272/1999     3.24G      1.53      1.27       3.8       6.6       250       416     0.115     0.172    0.0869     0.129      1.53       2.8      11.8
  273/1999     3.24G      1.54      1.26      3.82      6.61       153       416     0.117     0.177     0.093     0.134       1.6      2.76        12
  274/1999     3.24G      1.57      1.28       3.8      6.65       249       416     0.115     0.168    0.0882      0.13      1.58      2.75      11.8
  275/1999     3.24G      1.56      1.25      3.53      6.34       339       416     0.111     0.179    0.0946     0.131       1.6      2.71      12.5
  276/1999     3.24G      1.54      1.23      3.32      6.09       408       416     0.118     0.172    0.0884     0.133      1.54      2.76        12
  277/1999     3.24G      1.54      1.25      3.54      6.33       203       416     0.115     0.166    0.0769     0.124      1.51       2.8      13.1
  278/1999     3.24G      1.55      1.27       3.8      6.62       288       416     0.107     0.179    0.0924      0.13      1.53      2.76      11.6
  279/1999     3.24G      1.54      1.26      3.47      6.28       346       416     0.131     0.155    0.0818     0.137      1.55       2.8      12.7
  280/1999     3.24G      1.55      1.27      3.92      6.74       250       416     0.111     0.171    0.0876      0.13      1.55      2.82      12.8
  281/1999     3.24G      1.57      1.28      3.76      6.61       334       416     0.137     0.166      0.09     0.144      1.51      2.78        12
  282/1999     3.24G      1.57      1.31      4.18      7.05       232       416      0.13     0.169    0.0882     0.141      1.55      2.79      12.2
  283/1999     3.24G      1.56      1.26      3.72      6.54       151       416     0.121     0.168    0.0895     0.132      1.58      2.73      13.5
  284/1999     3.24G      1.54       1.3      4.24      7.08       193       416     0.123     0.175     0.091     0.137      1.53      2.77      11.9
  285/1999     3.24G      1.53      1.25      3.41      6.18       220       416     0.113     0.176      0.09     0.131      1.52      2.72      12.4
  286/1999     3.24G      1.52      1.29      4.02      6.83       210       416     0.118     0.174    0.0913     0.131      1.62      2.76      12.1
  287/1999     3.24G      1.53      1.26      3.79      6.58       307       416     0.119     0.173    0.0884     0.134      1.59      2.77      12.4
  288/1999     3.24G      1.52      1.24      3.29      6.06       379       416     0.114     0.189    0.0918     0.137      1.59       2.7      11.6
  289/1999     3.24G      1.52      1.26      3.56      6.34       242       416     0.128     0.172    0.0904      0.14      1.59      2.73      11.6
  290/1999     3.24G      1.55      1.26       3.5      6.31       216       416     0.123     0.172    0.0857     0.135      1.54      2.77      12.4
  291/1999     3.24G      1.53      1.25      3.47      6.25       195       416     0.117     0.172    0.0851     0.131      1.57      2.79      12.7
  292/1999     3.24G      1.55      1.27       3.8      6.62       210       416     0.129     0.166    0.0862     0.139      1.55      2.82      12.9
  293/1999     3.24G      1.54       1.3      4.05      6.89       159       416     0.113      0.18    0.0929     0.132      1.51      2.75      12.1
  294/1999     3.24G      1.56      1.31       4.3      7.16       157       416     0.113     0.177    0.0915     0.134      1.58      2.76      12.5
  295/1999     3.24G      1.54      1.29      4.06      6.89       310       416     0.108     0.174    0.0869     0.127      1.58      2.81      12.9
  296/1999     3.24G      1.56      1.31      4.63       7.5       176       416     0.106     0.181    0.0919     0.127       1.6      2.72      13.1
  297/1999     3.24G      1.53      1.26      3.74      6.54       221       416     0.121     0.167    0.0881     0.136      1.53      2.71        13
  298/1999     3.24G      1.54      1.24      3.35      6.13       340       416     0.126     0.175    0.0927     0.137      1.53      2.74      12.6
  299/1999     3.24G      1.54      1.23      3.37      6.15       292       416     0.118     0.181    0.0957     0.136      1.51      2.75      12.8
  300/1999     3.24G      1.53      1.28      3.77      6.57       210       416      0.12     0.169    0.0865     0.135      1.54      2.77      12.8
  301/1999     3.24G      1.55      1.26      3.63      6.44       144       416     0.113     0.184    0.0917     0.133      1.59      2.66      11.4
